---
sidebar_label: bagofwords
title: BagOfWords User Guide
---

The class `BagOfWords` from the module `iam_bagofwords` allows exploration and calculations on top of a Bag Of Words (BOW). A [BOW](https://en.wikipedia.org/wiki/Bag-of-words_model) is a simple representation of a catalog, where all tokens (or a sub-set of them) are counted inside each document, and recorded in a [sparse matrix](kipedia.org/wiki/Sparse_matrix) of size $D\times V$, with $D$ the number of documents (as raws of the BOW) in the catalog, and $V$ the size of the vocabulary (as columns of the BOW).

The `BagOfWords` class stands on top of the [`sklearn.feature_extraction.text.CountVectorizer`](https://scikit-learn.org/stable/modules/generated/sklearn.feature_extraction.text.CountVectorizer.html) class, but it's usage is far more restricted. In particular, there is no allowed tokenization (which must have been done previously) nor preprocessing in the instanciation of the `BagOfWords` class.

Most of the features implemented in this class originate from the BOW representation, seen as an [adjacency matrix](https://en.wikipedia.org/wiki/Adjacency_matrix) in terms of [graph theory](https://en.wikipedia.org/wiki/Graph_(discrete_mathematics)). Then one can calculate [equivalence classes]() of tokens and/or words by checking the [connectivity]() of the graph generated by e.g. the cooccurence matrix once all its non-zero elements have been masked by $1$'s and the diagonal is ommited (the diagonal is in fact the [degree matrix](https://en.wikipedia.org/wiki/Degree_matrix) in graph theory.

## `generate_random_catalog`

To understand how the class `BagOfWords` works, let us introduce first a tool which generates a random catalog. Its arguments are
 - `size_vocab` (an integer, default is `10`): the number of tokens that will be possibly present in the catalog
 - `size_catalog` (an integer, default is `100`): the number of documents in the entire catalog
 - `size_documents` (a list of two integers, default is `[1,size_vocab]`): the min and max size of document, that will be randomly chosen
 - `weights_vocab` (a list of integers of length given by `size_vocab`, default is `None`): the probabilistic weights (according to the function `random.choices` in the [Python standard library](https://docs.python.org/3/library/random.html)) of the different tokens. Note that
   - if `weights_vocab=None`, there is no weighting procedure, and all tokens will have the same weight,
   - if `weights_vocab` has not the same length as the number of tokens, it is instanciated to `None`

## Instanciation of the `BagOfWOrds`

A `BagOfWords` instance has three attributes :
 - `vocabularray_` : a numpy array of strings, of size $V$ (default is `numpy.array(list())`)
 - `bow_` : a sparse matrix of size $D\times V$ (default is `scipy.sparse.csr_matrix(list())`)
 - `verbose` : a boolean which allows a few verbosity during later operations (mainly calculation times of the later objects returned by the class -- default is `True`).

`vocabularray_` and `bow_` have quite versatile behaviors, depending on the usage. They can be either
 1. given at the instanciation of the `bow = BagOfWords(vocabularray=vocabularray_, bow=bow_)`,
 1. or generated by the `.fit(catalog)` method : `bow = BagOfWords().fit(catalog)` on an empty instance
 1. or partially generated by the `.fit(catalog)` method `bow = BagOfWords(vocabularray=vocabularray_).fit(catalog)` if only the `vocabularray_` is given
 1. or transformed by the `.fit(catalog)` method `bow = BagOfWords(vocabularray=vocabularray_, bow=bow_).fit(catalog)` on an already initialized instance

The different usages are
 1. in order to pass the arguments of a `BagOfWords` instance to an other one, for later transforms (we will see in a moment the filtering processes for instance)
 1. in order to generate fresh `bow_` and `vocabularray_` from scratch, passing a new catalog
 1. in order to filter the vocabulary before passing a new catalog, in which case only the words in `vocabularray` will be counted in the generated `bow_`
 1. to do something dangerous : once the `.fit(catalog)` is called, the `bow_` is changed, and will only counts the tokens in the new `vocabularray_` instance. This may not be the

Once a catalog is generated, it is possible to feed it to an instance of the class `BagOfWOrds`. There are two ways to instantiate a BOW :
 - either an empty instanciation, and then using the `.fit(catalog)` method on an empty instance, in which case there is no vocabulary filtering coming from the `sklearn.CountVectorizer` instance
 - or passing a `vocabularray` (a numpy array or a list of tokens) and a `bow` artificial or realistic objects, in which case calling `.fit(catalog)` will override the `bow_` and restrict the counting of tokens to the tokens present in `vocabularray`. Note in this case that `vocabularray` and `bow` must be compatible : i.e. `bow.shape[1]` must be equal to `vocabularray.shape[0]` (or `len(vocabularray)`)

Let us check all of that now.


```python
import numpy as np
try:
    import generate_random_catalog as grc
    from bagofwords import BagOfWords
except ImportError:
    import sys
    new_path = '/'.join(sys.path[0].split('/')[:-1])
    sys.path.append(new_path)
    import generate_random_catalog as grc
    from bagofwords import BagOfWords
```


```python
catalog = grc.random_catalog()
print("There are {:<5} documents in the catalog.".format(len(catalog)))
print("\nOne illustrative sentence:\n")
print(catalog[-1])
```

    There are 100   documents in the catalog.

    One illustrative sentence:

    ['w4', 'w2', 'w8', 'w3', 'w3', 'w6', 'w4']


Sentences are generated with dummy words as `wx`, with `x` an integer (starting with `w0`), and the catalog consists in a list of lists, each sub-list being a document (a list of tokens previously generated), and the list of documents being the catalog.

Now if we fed the catalog to a empty instance of `BagOfWords`, we will get the `100x10` associated sparse matrix (provided we expect all the `10` words in vocabulary to be present at least once in the catalog).
If in contrary we fed the catalog to a instance of `BagOfWords(vocabularray=['w0','w1'])` only these two words will be counted.
The last usage is to throw an error in case one give not compatible objects `bow` and `vocabularray`, and to check how to capture the attributes of a `BagOfWords` instance.


```python
print("Without filtering")
bow0 = BagOfWords(verbose=False).fit(catalog)
print(bow0)

print("\nWith filtering")
vocab = ['w0','w1']
bow1 = BagOfWords(verbose=False,vocabularray=vocab).fit(catalog)
print(bow1)
vocab_copy = bow1.vocabularray_
print(list(vocab_copy)==vocab)
try:
    BagOfWords(vocabularray=bow1.vocabularray_,
               bow=bow0.bow_)
except ValueError:
    print("\nOne ValueError was raised, because :")
    print("\tbow.shape[1]=={}".format(bow0.bow_.shape[1]))
    print("whereas")
    print("\tvocabularray.shape[0]=={}".format(bow1.vocabularray_.shape[0]))
    print("during instanciation")
    pass

bow = BagOfWords(vocabularray=bow0.vocabularray_,
                bow=bow0.bow_,
                verbose=False)
```

    Without filtering
    <100x10 sparse matrix of type '<class 'numpy.int64'>'
    	with 398 stored elements in Compressed Sparse Row format>

    With filtering
    <100x2 sparse matrix of type '<class 'numpy.int64'>'
    	with 85 stored elements in Compressed Sparse Row format>
    True

    One ValueError was raised, because :
    	bow.shape[1]==10
    whereas
    	vocabularray.shape[0]==2
    during instanciation


## Counting

### `.count(axis=0, unique=False)`

Once a `BagOfWords` instance has non trivial `bow_` and `vocabularray_` attributes, one can perform several counting calculations on it. The simplest one is the counting, with the `count` method. One can count either :
 - the number of occurence of tokens in the entire set of documents : `.count(axis=0,unique=False)` (these are the default values)
 - the number of cumulative tokens per documents : `.count(axis=1,unique=False)`
 - the number of documents into which a given token appears : `.count(axis=0, unique=True)`
 - the number of distinct tokens into a given document : `.count(axis=1, unique=True)`

The parameter `unique` reset all entries in the `bow_` to `1` before making a sum of the `bow_` elements along the `axis`. Note there is no `axis > 1`.


```python
c0 = bow.count(axis=0,unique=False)
for i,c in enumerate(c0[0,:]):
    print("{} appeared {} times".format(bow.vocabularray_[i],c))
c1 = bow.count(axis=0,unique=True)
for i,c in enumerate(c1[0,:]):
    print("{} appeared in {} documents".format(bow.vocabularray_[i],c))
```

    w0 appeared 56 times
    w1 appeared 52 times
    w2 appeared 43 times
    w3 appeared 45 times
    w4 appeared 63 times
    w5 appeared 54 times
    w6 appeared 38 times
    w7 appeared 53 times
    w8 appeared 52 times
    w9 appeared 57 times
    w0 appeared in 45 documents
    w1 appeared in 40 documents
    w2 appeared in 35 documents
    w3 appeared in 37 documents
    w4 appeared in 47 documents
    w5 appeared in 38 documents
    w6 appeared in 30 documents
    w7 appeared in 43 documents
    w8 appeared in 42 documents
    w9 appeared in 41 documents


Note the numpy array returned by `.count(axis=1)` is along raws instead of columns for the `.count(axis=0)`. Below we show only the 10 first documents size.


```python
c2 = bow.count(axis=1,unique=False)
for i,c in enumerate(c2[:10,0]):
    print("document {} has {} tokens".format(i,c))
c3 = bow.count(axis=1,unique=True)
for i,c in enumerate(c3[:10,0]):
    print("document {} has {} slots of token non-empty".format(i,c))
```

    document 0 has 7 tokens
    document 1 has 1 tokens
    document 2 has 4 tokens
    document 3 has 2 tokens
    document 4 has 6 tokens
    document 5 has 5 tokens
    document 6 has 5 tokens
    document 7 has 6 tokens
    document 8 has 7 tokens
    document 9 has 6 tokens
    document 0 has 6 slots of token non-empty
    document 1 has 1 slots of token non-empty
    document 2 has 4 slots of token non-empty
    document 3 has 2 slots of token non-empty
    document 4 has 5 slots of token non-empty
    document 5 has 4 slots of token non-empty
    document 6 has 5 slots of token non-empty
    document 7 has 6 slots of token non-empty
    document 8 has 6 slots of token non-empty
    document 9 has 5 slots of token non-empty


### `entropy(axis=0, normalize=True)`

The [entropy](https://en.wikipedia.org/wiki/Entropy_(information_theory)), as defined from information theory, is calculated as

$$
H=-\sum_{T\in\left\{ \mathtt{Doc}\right\} }p_{T}\ln_{N}p_{T}=\sum_{T\in\left\{ \mathtt{Doc}\right\} }\frac{n_{T}}{N}\left(1-\frac{\ln n_{T}}{\ln N}\right)
$$

with $p_{T}$ the token probability (i.e. $p_{T} = n_{T}/N$, the token occurence $n_{T}$ divided by the total number $N$ of tokens in the catalog). The not-normalized version corresponds to the formula

$$
H=-\sum_{T\in\left\{ \mathtt{Doc}\right\} }n_{T}\ln n_{T}
$$

which is not really an entropy, and is thus not easy to interpret. For this reason we will not venture in such a way. Note the use of the natural logarithm in base $N$, $\ln_{N} x = \ln x / \ln N$ in the first formula. The entropy is maximized for uniform distribution of tokens, in which case it vaults $1$. Thus the entropy is a measure of the distance to a uniform distribution per document.

If one calls `entropy(axis=1, normalize=True)`, one obtains an entropy per document (an array of size $D\times 1$).


```python
e0 = bow.entropy(axis=0).flatten()
for i in np.argsort(e0[:,]):
    print("token {} has entropy {:.4}".format(bow.vocabularray_[i],e0[i,]))

e1 = bow.entropy(axis=1).flatten()
inds = np.argsort(e1)
for i in inds[-10:,]:
    print("document {} has entropy {:.4}".format(i,e1[i,]))
```

    token w6 has entropy 0.0777
    token w2 has entropy 0.08745
    token w3 has entropy 0.09118
    token w8 has entropy 0.1062
    token w1 has entropy 0.1073
    token w7 has entropy 0.1082
    token w5 has entropy 0.1127
    token w0 has entropy 0.1141
    token w9 has entropy 0.1185
    token w4 has entropy 0.1303
    document 79 has entropy 0.01733
    document 10 has entropy 0.01776
    document 53 has entropy 0.01841
    document 20 has entropy 0.01841
    document 62 has entropy 0.01841
    document 84 has entropy 0.01857
    document 21 has entropy 0.01884
    document 64 has entropy 0.01884
    document 87 has entropy 0.01928
    document 86 has entropy 0.01944


## Symmetric matrix and graph theory

From the BOW, it is possible to calculate the cooccurence matrix $C$ quite easilly. This is just the scalar product of the BOW by its transpose. Since the BOW matrix $BOW$ is a $D\times V$ matrix, the token cooccurence is calculated as

$$C_{V\times V} = BOW^{T}_{\mathbb{I}}\cdot BOW_{\mathbb{I}}$$

where $BOW_{\mathbb{I}}$ is the matrix obtained from the $BOW$ by substitution of all its entries to $1$ and $B^{T}$ is the transpose of $B$. The element $(i,j)$ of the $C_{T}$ matrix then represent the number of time the token $i$ and the token $j$ appear in the same document. The diagonal element $(i,i)$ then represents the number of documents into which the token $i$ appears in.  

There is a cooccurence matrix over the documents, namely :

$$C_{D\times D} = BOW_{\mathbb{I}}\cdot BOW^{T}_{\mathbb{I}}$$

which would represent the number of equal tokens present in document $i$ and $j$ as the $(i,j)$ entry. The diagonal element $(i,i)$ represent the number of unique tokens in the document $i$.

The cooccurence matrix (once its diagonal elements have been removed) can be seen as an (unoriented) [adjacency matrix](https://en.wikipedia.org/wiki/Adjacency_matrix), which describes the vertices of a graph as indices, and the edges as entries. That is, one can see the cooccurence matrix

$$C_{D\times D} = BOW_{\mathbb{I}}\cdot BOW^{T}_{\mathbb{I}} = A\left(G\right)+D\left(G\right)$$

where $A$ is the adjacency matrix and $D$ the degree matrix of the graph $G$. Since $D$ is the diagonal part of $C$ by definition, it is quite easy to extract the adjacency matrix alone.

The adjacency matrix $A\left(L\left(G\right)\right)$ of the [line graph](https://en.wikipedia.org/wiki/Line_graph) $L\left(G\right)$ of the graph $G$ is [given by](https://en.wikipedia.org/wiki/Incidence_matrix#Undirected_and_directed_graphs)

$$A\left(L\left(G\right)\right) = B\left(G\right) \cdot B^{T}\left(G\right)-2\mathbb{I}$$

with $B\left(G\right)$ the [incidence matrix](https://en.wikipedia.org/wiki/Incidence_matrix) of the graph $G$, and $\mathbb{I}$ the identity matrix. Thus, once one sees $C_{D\times D}$ as related to the adjacency matrix of the graph $G$, one can see $C_{V\times V}$ as related to the adjancency matrix of the line graph $L\left(G\right)$, with edges and vertices replaced by each other passing from one to the other.

Thus it becomes possible to study the bag of words from graph theory tools. This in particular allows to study the equivalence class from [connectivity](https://en.wikipedia.org/wiki/Connectivity_(graph_theory)) properties of graph, and relations among tokens and/or documents using [centrality](https://en.wikipedia.org/wiki/Centrality) properties of graph.

### `coccur(axis=0)`

To calculate the coccurence matrix, simply call the `.cooccur(axis=0)` (value by default, `axis=1` is also available for document/document cooccurences) method of the `BagOfWords` class. TO go to the adjacency matrix, simply call the method `.make_boolean(sparse,withdraw_diag=False)` (value by default, but prefer `withdraw_diag=True` if one is interested by the genuine adjacency matrix inherited from the cooccurence matrix). Note that without transforming all non-zeros values to `1` using `.make_boolean`, the cooccurence matrix can still be seen as the adjacency matrix of a weighted graph or multigraph once one realizes that the integers in this matrix may represent multiples edges between the vertices of the rows and columns indices.


```python
cooccur = bow.cooccur(axis=0)
cooccur.todense()
```




    matrix([[45, 25, 15, 16, 18, 19, 12, 17, 26, 19],
            [25, 40, 18, 11, 17, 18, 11, 16, 19, 20],
            [15, 18, 35, 13, 15, 10, 10, 17, 14, 16],
            [16, 11, 13, 37, 18, 13,  8, 13, 13, 12],
            [18, 17, 15, 18, 47, 19, 14, 18, 19, 19],
            [19, 18, 10, 13, 19, 38, 13, 18, 17, 17],
            [12, 11, 10,  8, 14, 13, 30, 16, 13, 14],
            [17, 16, 17, 13, 18, 18, 16, 43, 15, 21],
            [26, 19, 14, 13, 19, 17, 13, 15, 42, 19],
            [19, 20, 16, 12, 19, 17, 14, 21, 19, 41]], dtype=int64)




```python
cooccur_boolean = bow.make_boolean(cooccur)
cooccur_boolean.todense()
```




    matrix([[1, 1, 1, 1, 1, 1, 1, 1, 1, 1],
            [1, 1, 1, 1, 1, 1, 1, 1, 1, 1],
            [1, 1, 1, 1, 1, 1, 1, 1, 1, 1],
            [1, 1, 1, 1, 1, 1, 1, 1, 1, 1],
            [1, 1, 1, 1, 1, 1, 1, 1, 1, 1],
            [1, 1, 1, 1, 1, 1, 1, 1, 1, 1],
            [1, 1, 1, 1, 1, 1, 1, 1, 1, 1],
            [1, 1, 1, 1, 1, 1, 1, 1, 1, 1],
            [1, 1, 1, 1, 1, 1, 1, 1, 1, 1],
            [1, 1, 1, 1, 1, 1, 1, 1, 1, 1]])




```python
cooccur_adjacency = bow.make_boolean(cooccur,withdraw_diag=True)
cooccur_adjacency.todense()
```




    matrix([[0, 1, 1, 1, 1, 1, 1, 1, 1, 1],
            [1, 0, 1, 1, 1, 1, 1, 1, 1, 1],
            [1, 1, 0, 1, 1, 1, 1, 1, 1, 1],
            [1, 1, 1, 0, 1, 1, 1, 1, 1, 1],
            [1, 1, 1, 1, 0, 1, 1, 1, 1, 1],
            [1, 1, 1, 1, 1, 0, 1, 1, 1, 1],
            [1, 1, 1, 1, 1, 1, 0, 1, 1, 1],
            [1, 1, 1, 1, 1, 1, 1, 0, 1, 1],
            [1, 1, 1, 1, 1, 1, 1, 1, 0, 1],
            [1, 1, 1, 1, 1, 1, 1, 1, 1, 0]], dtype=int64)



### `make_boolean(sparse, withdraw_diag=False)`

The `.make_boolean` method is attached to a `BagOfWords` instance, though it does not requires any of its attribute to be calculated. A non-trivial example of a threshold applied to the previous cooccurence matrix might be


```python
B = BagOfWords()
mask = cooccur > 19
cooccur_adjacency = B.make_boolean(mask,withdraw_diag=True)
cooccur_adjacency.todense()
```




    matrix([[0, 1, 0, 0, 0, 0, 0, 0, 1, 0],
            [1, 0, 0, 0, 0, 0, 0, 0, 0, 1],
            [0, 0, 0, 0, 0, 0, 0, 0, 0, 0],
            [0, 0, 0, 0, 0, 0, 0, 0, 0, 0],
            [0, 0, 0, 0, 0, 0, 0, 0, 0, 0],
            [0, 0, 0, 0, 0, 0, 0, 0, 0, 0],
            [0, 0, 0, 0, 0, 0, 0, 0, 0, 0],
            [0, 0, 0, 0, 0, 0, 0, 0, 0, 1],
            [1, 0, 0, 0, 0, 0, 0, 0, 0, 0],
            [0, 1, 0, 0, 0, 0, 0, 1, 0, 0]], dtype=int64)



### Beyond the cooccurence matrix

One can construct many other properties from graph theory in addition to cooccurence matrix. One can cite among other
 - the [Jaccard similarity](https://en.wikipedia.org/wiki/Jaccard_index) matrix, which counts the numbers of `1` in the BOW in commum between tokens and/or documents
 - the [cosine similarity](https://en.wikipedia.org/wiki/Cosine_similarity) matrix, which measure the similarity between tokens and/or documents according to their euclidean scalar products
 - the [pointwise mutual information](https://en.wikipedia.org/wiki/Pointwise_mutual_information) matrix, which counts the relative amount of information (in the sense of information theory) between tokens and/or documents.

Those matrix are not _per se_ adjacency matrix since their entries are in the range $\left[0,1\right]$, but one can recover the strict meaning of an adjacency matrix once we defined a threshold (or two, i.e. a range of similarity or distance values) above/below which to filter the similarity matrix to form a pure symmetric boolean matrix, which then become identifiable as genuine adjacency matrix. Of course, the relation between graph and line graph are not as clear as in the case of cooccurence matrix.

### Graph theory from the `BagOfWords` class

There are many tools in the `BagOfWords` class to interpret the different similarity matrices in term of graph theory. Some are inherent to the `BagOfWords`, but most of the graph interpretations might come from the [`networkX`](https://networkx.org/) package, and the `BagOfWords` class is just a convenient tool to manipulate the sparse matrix associated with the BOW, before calculating non-trivial graph properties from `networkX` package.

### `jaccard_similarity(axis=0)`

The `.jaccard_similarity` $J_{ij}$ between token $T_{i}$ and token $T_{j}$ calculates the number of `1` in common in both $T_{i}$ and $T_{j}$, then it divides the obtained number by the total sum of number of `1` in $T_{i}$ _or_ $T_{j}$ minus the number of `1` in common in both $T_{i}$ and $T_{j}$. The entry $J_{ij}$ is thus what is sometimes called [the similarity of assymetric binary attributes](https://en.wikipedia.org/wiki/Jaccard_index#Similarity_of_asymmetric_binary_attributes) when one regards the columns of the BOW as a statistical sample of binary distribution.

Maximum values are for identical vectors, that is, the diagonal elements $J_{ij}=\delta_{ij}$ are all one.

Similar reasoning applies mutatis mutandis to the `.jaccard_similarity(axis=1)`, with _token_ replaced by _document_.


```python
jaccard = bow.jaccard_similarity(axis=0)
jaccard.todense()
```




    matrix([[1.        , 0.41666667, 0.23076923, 0.24242424, 0.24324324,
             0.296875  , 0.19047619, 0.23943662, 0.42622951, 0.28358209],
            [0.41666667, 1.        , 0.31578947, 0.16666667, 0.24285714,
             0.3       , 0.18644068, 0.23880597, 0.3015873 , 0.32786885],
            [0.23076923, 0.31578947, 1.        , 0.22033898, 0.2238806 ,
             0.15873016, 0.18181818, 0.27868852, 0.22222222, 0.26666667],
            [0.24242424, 0.16666667, 0.22033898, 1.        , 0.27272727,
             0.20967742, 0.13559322, 0.19402985, 0.1969697 , 0.18181818],
            [0.24324324, 0.24285714, 0.2238806 , 0.27272727, 1.        ,
             0.28787879, 0.22222222, 0.25      , 0.27142857, 0.27536232],
            [0.296875  , 0.3       , 0.15873016, 0.20967742, 0.28787879,
             1.        , 0.23636364, 0.28571429, 0.26984127, 0.27419355],
            [0.19047619, 0.18644068, 0.18181818, 0.13559322, 0.22222222,
             0.23636364, 1.        , 0.28070175, 0.22033898, 0.24561404],
            [0.23943662, 0.23880597, 0.27868852, 0.19402985, 0.25      ,
             0.28571429, 0.28070175, 1.        , 0.21428571, 0.33333333],
            [0.42622951, 0.3015873 , 0.22222222, 0.1969697 , 0.27142857,
             0.26984127, 0.22033898, 0.21428571, 1.        , 0.296875  ],
            [0.28358209, 0.32786885, 0.26666667, 0.18181818, 0.27536232,
             0.27419355, 0.24561404, 0.33333333, 0.296875  , 1.        ]])



To apply a threshold to this matrix, one can do


```python
mask = jaccard > 0.28
jaccard_adjacency = bow.make_boolean(mask,withdraw_diag=True)
jaccard_adjacency.todense()
```




    matrix([[0, 1, 0, 0, 0, 1, 0, 0, 1, 1],
            [1, 0, 1, 0, 0, 1, 0, 0, 1, 1],
            [0, 1, 0, 0, 0, 0, 0, 0, 0, 0],
            [0, 0, 0, 0, 0, 0, 0, 0, 0, 0],
            [0, 0, 0, 0, 0, 1, 0, 0, 0, 0],
            [1, 1, 0, 0, 1, 0, 0, 1, 0, 0],
            [0, 0, 0, 0, 0, 0, 0, 1, 0, 0],
            [0, 0, 0, 0, 0, 1, 1, 0, 0, 1],
            [1, 1, 0, 0, 0, 0, 0, 0, 0, 1],
            [1, 1, 0, 0, 0, 0, 0, 1, 1, 0]], dtype=int64)



### `graph_equivalence(adj_matrix,make_boolean=True)`

Once an adjacency matrix is obtained, one can start using graph theoretic tools. One of them is the number of equivalence classes, obtained from the [`scipy.sparse.csgraph`](https://docs.scipy.org/doc/scipy/reference/sparse.csgraph.html) routines.

An implemented one is the connectivity class, which give all the classes in the form of sets of indices connected together via edges in the graph.


```python
bow.graph_equivalence(jaccard_adjacency)
```




    [{0, 1, 2, 4, 5, 6, 7, 8, 9}, {3}]



### `graph_equivalence_count(adj_matrix,make_boolean=True)`

A companion metho to the previous one is the simple counting of equivalence class. This may suffice in some cases.


```python
bow.graph_equivalence_count(jaccard_adjacency)
```




    2



### `cosine_similiarity(axis=0)`

The [cosine similarity](https://en.wikipedia.org/wiki/Cosine_similarity) calculates the normalized euclidean scalar product between columns (or rows in the case `axis=1`), that is, the entry $CS_{ij}$ of the cosine similarity matrix is the cosine of the angle between the vectors $\vec{T}_{i}$ and $\vec{T}_{j}$, seen as the columns of the BOW matrix.

Maximum value are for similar vectors, that is the diagonal elements are all `1`.


```python
cossim = bow.cosine_similarity(axis=0)
cossim.todense()
```




    matrix([[1.        , 0.50635496, 0.28629917, 0.35787396, 0.30845685,
             0.40797085, 0.26892644, 0.3354102 , 0.50636968, 0.32118203],
            [0.50635496, 1.        , 0.3451643 , 0.23471172, 0.23375173,
             0.41596672, 0.24496593, 0.28755406, 0.32966075, 0.39828273],
            [0.28629917, 0.3451643 , 1.        , 0.42622951, 0.29016452,
             0.20023151, 0.22242542, 0.355658  , 0.30444376, 0.3940892 ],
            [0.35787396, 0.23471172, 0.42622951, 1.        , 0.45417055,
             0.33371919, 0.20531577, 0.31297904, 0.34793572, 0.30213505],
            [0.30845685, 0.23375173, 0.29016452, 0.45417055, 1.        ,
             0.27736473, 0.36867646, 0.37223551, 0.47973626, 0.37404281],
            [0.40797085, 0.41596672, 0.20023151, 0.33371919, 0.27736473,
             1.        , 0.33436693, 0.34752402, 0.31872971, 0.36368317],
            [0.26892644, 0.24496593, 0.22242542, 0.20531577, 0.36867646,
             0.33436693, 1.        , 0.46028325, 0.28748308, 0.3290451 ],
            [0.3354102 , 0.28755406, 0.355658  , 0.31297904, 0.37223551,
             0.34752402, 0.46028325, 1.        , 0.3145214 , 0.41039134],
            [0.50636968, 0.32966075, 0.30444376, 0.34793572, 0.47973626,
             0.31872971, 0.28748308, 0.3145214 , 1.        , 0.31365677],
            [0.32118203, 0.39828273, 0.3940892 , 0.30213505, 0.37404281,
             0.36368317, 0.3290451 , 0.41039134, 0.31365677, 1.        ]])



### Pointwise mutual information

[Pointwise mutual information](https://en.wikipedia.org/wiki/Pointwise_mutual_information)

$$\operatorname{pmi}(x,y) = \operatorname{pmi}(y,x) = \log\frac{p(x,y)}{p(x)p(y)}$$

is an information theoretic tool. It calculates the amount of information of the coincident events $x$ and $y$ represented by the coninciding probability $p(x,y)$ related to their independent versions $p(x)p(y)$. It is thus a measure of statistical non-independance of $x$ and $y$.

Translated to BOW, this corresponds to the probability of finding two tokens $x$ and $y$ in the same document, comapred to their abosulte probabilities as independent events. Here, $p(x,y)$ is calculated as the cooccurence of tokens $x$ and $y$ divided by the total amount of cooccuring tokens, divided by the sample probability of the tokens : $p(x) = n_{T=x}/N$, with $n_{T=x}$ the number of times the token $x$ appears in the catalog divided by $N$, the total number of tokens in the document.

__Important :__ many authors calculate $p(x,y)$ in the above formula as the quotient of the bigram (ordered tokens $x$ followed by $y$) divided by the total number of bigrams. We use the more flexible definition (and the only one available from the BOW without recalculating the bigrams occurence) of $p(x,y)$ as the cooccuring probability of the tokens $x$ and $y$ inside the same documents. For this reason the method is called `.loose_mutual_information(axis=0)` (value by default) to avoid mis-interpretation.

The loose mutual information is normalized, with values in the range $\left[-1,1\right]$, as discussed on [normalized PMI](https://en.wikipedia.org/wiki/Pointwise_mutual_information#Normalized_pointwise_mutual_information_(npmi)) Wikipedia page. This normalization avoid considering the base of the logarithm in the definition.

From the mutual information it is possible to define [information theoretiv metrics](https://en.wikipedia.org/wiki/Mutual_information#Metric).


```python
pmi = bow.loose_mutual_information(axis=0)
pmi.todense()
```




    matrix([[ 0.        ,  0.11074123,  0.02809268,  0.03273349, -0.0162771 ,
              0.03161414,  0.00600019,  0.0099841 ,  0.1215897 ,  0.01912561],
            [ 0.11074123,  0.        ,  0.0877611 , -0.03142924, -0.01225061,
              0.03579615,  0.00324674,  0.01284513,  0.05744906,  0.04866761],
            [ 0.02809268,  0.0877611 ,  0.        ,  0.0432914 ,  0.00229552,
             -0.04844578,  0.02224094,  0.06947002,  0.02877814,  0.03890136],
            [ 0.03273349, -0.03142924,  0.0432914 ,  0.        ,  0.03361305,
             -0.00508232, -0.03042573, -0.00111273,  0.00293247, -0.03300182],
            [-0.0162771 , -0.01225061,  0.00229552,  0.03361305,  0.        ,
              0.00440842,  0.01404652, -0.00371617,  0.01312574, -0.00808012],
            [ 0.03161414,  0.03579615, -0.04844578, -0.00508232,  0.00440842,
              0.        ,  0.03082386,  0.03145063,  0.02246353,  0.00178882],
            [ 0.00600019,  0.00324674,  0.02224094, -0.03042573,  0.01404652,
              0.03082386,  0.        ,  0.08252826,  0.03883865,  0.03564076],
            [ 0.0099841 ,  0.01284513,  0.06947002, -0.00111273, -0.00371617,
              0.03145063,  0.08252826,  0.        , -0.00147185,  0.05626148],
            [ 0.1215897 ,  0.05744906,  0.02877814,  0.00293247,  0.01312574,
              0.02246353,  0.03883865, -0.00147185,  0.        ,  0.03624319],
            [ 0.01912561,  0.04866761,  0.03890136, -0.03300182, -0.00808012,
              0.00178882,  0.03564076,  0.05626148,  0.03624319,  0.        ]])



### `symmetric2list(sparse,axis=0)`

Once a symmetric matrix is obtained, one can extract all its values in the form of a list, using `.symmetric2list(sparse)` tool.

If `axis=0`, it returns a list of tuples, the first element is a set of tokens.
If `axis=1`, it returns a lits of tuples, the first element is a set of integer corresponding to the index of the matrix elements.

The last element of the tuple is always the value in the  symmetric matrix.

**Warning :** there is no verification of the possibility to put a wrong `axis`, or on the symmetricity of the `sparse` matrix given as argument.

This tool method does not use the attributes of the `BagOfWOrds` instance.


```python
bow.symmetric2list(jaccard_adjacency)
```




    [({'w2', 'w6'}, 0),
     ({'w4', 'w6'}, 0),
     ({'w4', 'w9'}, 0),
     ({'w2', 'w9'}, 0),
     ({'w2', 'w8'}, 0),
     ({'w2', 'w7'}, 0),
     ({'w5', 'w6'}, 0),
     ({'w2', 'w5'}, 0),
     ({'w2', 'w4'}, 0),
     ({'w5', 'w8'}, 0),
     ({'w4', 'w7'}, 0),
     ({'w1', 'w7'}, 0),
     ({'w5', 'w9'}, 0),
     ({'w1', 'w4'}, 0),
     ({'w6', 'w8'}, 0),
     ({'w6', 'w9'}, 0),
     ({'w0', 'w7'}, 0),
     ({'w0', 'w6'}, 0),
     ({'w7', 'w8'}, 0),
     ({'w0', 'w4'}, 0),
     ({'w0', 'w2'}, 0),
     ({'w1', 'w6'}, 0),
     ({'w4', 'w8'}, 0),
     ({'w5', 'w7'}, 1),
     ({'w6', 'w7'}, 1),
     ({'w0', 'w1'}, 1),
     ({'w7', 'w9'}, 1),
     ({'w1', 'w9'}, 1),
     ({'w1', 'w8'}, 1),
     ({'w1', 'w5'}, 1),
     ({'w1', 'w2'}, 1),
     ({'w0', 'w9'}, 1),
     ({'w0', 'w8'}, 1),
     ({'w0', 'w5'}, 1),
     ({'w4', 'w5'}, 1),
     ({'w8', 'w9'}, 1)]



##  Filtering tools

To explore further the graph possibilities, one can filter the catalog (or the resulting BOW matrix) by withdrawing documents or tokens.

The four methods are

 - `.withdraw_tokens(token_sequence,remove_empty=True)` : return the elements of a new `BagOfWords` instance, without the tokens given in the `token_sequence`. If `remove_empty=True` (by default), the possibly empty documents (i.e. rows with only `0`) resulting from the disapearing of the tokens are removed from the BOW.
 - `.keep_tokens(token_sequence, remove_empty=True)` : return the elements of a new `BagOfWords` instance, with only the token given in the `token_sequence`. If `remove_empty=True` (by default), the possibly empty documents resulting from the disapearing of the tokens are removed from the BOW.
 - `.withdraw_documents(indices,remove_empty=True)` : return the elements of a new `BagOfWords` instance, without the documents given in the `indices` sequence. If `remove_empty=True` (by default), the possibly empty token (i.e. columns with only `0`) resulting from the disapearing of the tokens are removed from the BOW.
 - `.keep_documents(indices,remove_empty=True)` : return the elements of a new `BagOfWords` instance, with only the documents given in the `indices` sequence. If `remove_empty=True` (by default), the possibly empty token (i.e. columns with only `0`) resulting from the disapearing of the tokens are removed from the BOW.

All these methods returns a tuple `vocabularray, bow`, which can serve to feed a further `BagOfWords` instance.


```python
print(bow)
tokens = [bow.vocabularray_[9],]
vocab, occur = bow.withdraw_tokens(tokens,remove_empty=True)
new_bow = BagOfWords(vocabularray=vocab,bow=occur)
print(new_bow)
```

    <100x10 sparse matrix of type '<class 'numpy.int64'>'
    	with 398 stored elements in Compressed Sparse Row format>
    <99x9 sparse matrix of type '<class 'numpy.int64'>'
    	with 357 stored elements in Compressed Sparse Row format>



```python
print(bow)
tokens = [bow.vocabularray_[9],]
vocab, occur = bow.keep_tokens(tokens,remove_empty=True)
new_bow = BagOfWords(vocabularray=vocab,bow=occur)
print(new_bow)
```

    <100x10 sparse matrix of type '<class 'numpy.int64'>'
    	with 398 stored elements in Compressed Sparse Row format>
    <41x1 sparse matrix of type '<class 'numpy.int64'>'
    	with 41 stored elements in Compressed Sparse Row format>



```python
print(bow)
indices = [0,]
vocab, occur = bow.withdraw_documents(indices,remove_empty=True)
new_bow = BagOfWords(vocabularray=vocab,bow=occur)
print(new_bow)
```

    <100x10 sparse matrix of type '<class 'numpy.int64'>'
    	with 398 stored elements in Compressed Sparse Row format>
    <99x10 sparse matrix of type '<class 'numpy.longlong'>'
    	with 392 stored elements in Compressed Sparse Row format>



```python
print(bow)
indices = [0,]
vocab, occur = bow.keep_documents(indices,remove_empty=True)
new_bow = BagOfWords(vocabularray=vocab,bow=occur)
print(new_bow)
```

    <100x10 sparse matrix of type '<class 'numpy.int64'>'
    	with 398 stored elements in Compressed Sparse Row format>
    <1x6 sparse matrix of type '<class 'numpy.longlong'>'
    	with 6 stored elements in Compressed Sparse Row format>



```python
print(bow)
indices = [0,]
vocab, occur = bow.keep_documents(indices,remove_empty=False)
new_bow = BagOfWords(vocabularray=vocab,bow=occur)
print(new_bow)
new_bow.bow_.todense()
```

    <100x10 sparse matrix of type '<class 'numpy.int64'>'
    	with 398 stored elements in Compressed Sparse Row format>
    <1x10 sparse matrix of type '<class 'numpy.int64'>'
    	with 6 stored elements in Compressed Sparse Row format>





    matrix([[1, 2, 0, 1, 0, 1, 0, 0, 1, 1]])



### `save` and `load`

To save the attributes of a `BagOfWords`, simply calls `save(file_name)` with `file_name` the name of the files that will be generated as :
 - `'file_name'`+`'_occurence.npz`
 - `'file_name'`+`'_bagofwords.npy`

The method will export both the `vocabularray_` and `bow_` in `numpy.array` and `scipy.sparse` formats, respectively.

To load the data in a `BagOfWords`, create a new instance, and call the `.load(file_name)` method.


```python
bow.save('data')
print(bow)
print(bow.vocabularray_)
```

    <100x10 sparse matrix of type '<class 'numpy.int64'>'
    	with 398 stored elements in Compressed Sparse Row format>
    ['w0' 'w1' 'w2' 'w3' 'w4' 'w5' 'w6' 'w7' 'w8' 'w9']



```python
bow_loaded = BagOfWords()
bow_loaded.load('data')
print(bow_loaded)
print(bow_loaded.vocabularray_)
```

    Load OK
    <100x10 sparse matrix of type '<class 'numpy.int64'>'
    	with 398 stored elements in Compressed Sparse Row format>
    ['w0' 'w1' 'w2' 'w3' 'w4' 'w5' 'w6' 'w7' 'w8' 'w9']


One verifies below there is no element in `bow_loaded` that are not in `bow`, by simply substracting the elements of the corresponding sparse matrices one by one.


```python
bow_diff = bow_loaded.bow_ - bow.bow_
len(bow_diff.data)
```




    0




```python
import datetime
print("Last Modification : {}".format(datetime.datetime.now().strftime("%c")))
```

    Last Modification : Tue Dec 15 17:39:52 2020
